nama,MIE KALEM,MIE GEMES LV 1,MIE GEMES LV 2,MIE GEMES LV 3,MIE GEMES LV 4,MIE AYAM,MIE AYAM PANGSIT,MIE AYAM CEKER,MIE AYAM BAKSO,MIE YAMIN (0),MIE YAMIN LV 1,MIE YAMIN LV 2,MIE YAMIN LV 3,MIE YAMIN LV 4,CWIE MIE,CWIE MIE PANGSIT,CWIE MIE BAKSO,BAKSO SAPI,MIE AYAM KOMPLIT,TEH HANGAT,ES TEH,JERUK HANGAT,ES JERUK,ES BERAS KENCUR,CAPPUCINO CINCAU,THAI TEA,GREEN THAI TEA,ES KOPI MILO,AIR MINERAL,ES MILO,GOODDAY CAPPUCINO,HOT LEMON TEA,ES LEMON TEA,ES KOPI SUSU,ES KOPI SUSU VANILLA,ES KOPI SUSU RUM REGAL,KOPI HITAM,PANGSIT GORENG,PANGSIT REBUS,DIMSUM BOLA RAMBUTAN,DIMSUM SIOMAY BEEF,DIMSUM SIOMAY SALMON,DIMSUM SIOMAY AYAM,DIMSUM KEICHAK,DIMSUM SUSHI,DIMSUM TIM TAHU,DIMSUM MONEY BAG,DIMSUM SPRING ROLL,DIMSUM LUMPIA NORI,DIMSUM BOLA KEJU,DIMSUM SIOMAY CRAB,DIMSUM SIOMAY KEJU,DIMSUM SIOMAY MOZARELLA,DIMSUM SIOMAY RANJAU,DIMSUM SIOMAY JAMUR,DIMSUM XIAO LONG BAO,DIMSUM EKADO
MIE KALEM,0.9999999,0.9755359,0.97687197,0.9786128,0.9710019,0.8584715,0.8520032,0.8484055,0.83529794,0.9749954,0.9673767,0.9699832,0.972023,0.97104037,0.88899857,0.88791054,0.86419964,0.25767797,0.7660583,0.3815235,0.6117619,0.42374325,0.57834995,0.4673774,0.48454744,0.6359167,0.52905595,0.6300349,0.53649324,0.5010194,0.45045128,0.5870132,0.6164714,0.6940403,0.6974124,0.61277694,0.62357795,0.6458502,0.6543453,0.6259979,0.5417119,0.43731022,0.7244072,0.542673,0.4677108,0.6428298,0.55422807,0.4311767,0.60728693,0.5132074,0.6330335,0.803213,0.62043154,0.64120036,0.6523781,0.6327905,0.658716
MIE GEMES LV 1,0.9755359,1.0000004,0.9935894,0.99056596,0.9887608,0.8598811,0.85909045,0.8542299,0.8407018,0.95079386,0.97514963,0.9718738,0.9707651,0.9751355,0.8957133,0.89463985,0.87003607,0.2551883,0.7805079,0.37863302,0.6470171,0.4301924,0.6082847,0.46029818,0.47306412,0.6539231,0.5336195,0.6474181,0.5414245,0.517945,0.43821764,0.6226045,0.635695,0.7224766,0.72219175,0.6356719,0.61762166,0.6583644,0.6664202,0.65155625,0.54478633,0.4422269,0.74836606,0.54707766,0.46771142,0.6438788,0.5381727,0.44112754,0.6224228,0.5203272,0.6393245,0.8105287,0.6471361,0.6402683,0.68050796,0.63174933,0.6658726
MIE GEMES LV 2,0.97687197,0.9935894,0.9999999,0.9916197,0.9908103,0.85343486,0.85442364,0.8524381,0.8359099,0.95030904,0.9690964,0.9762659,0.9708318,0.97561383,0.89536846,0.8980559,0.8695202,0.25479186,0.78125596,0.35781866,0.63987267,0.4238448,0.5937542,0.44068548,0.45524442,0.6415488,0.52557075,0.64526623,0.5252141,0.50463736,0.43067384,0.6173307,0.6215365,0.7155689,0.7238315,0.61735797,0.6239945,0.655634,0.6614046,0.6478721,0.5391931,0.43613672,0.74171805,0.54423654,0.45506045,0.64440906,0.5347049,0.4374267,0.62201655,0.5275501,0.64275396,0.81651974,0.6426315,0.6373019,0.6757467,0.63356566,0.66463715
MIE GEMES LV 3,0.9786128,0.99056596,0.9916197,1.0,0.98589176,0.84493434,0.84486526,0.84035,0.82619596,0.9537932,0.9665277,0.96962416,0.97623223,0.9720967,0.8849288,0.8832873,0.8601179,0.24605392,0.7700654,0.3792999,0.6369025,0.42034686,0.5988321,0.44788492,0.46935457,0.63984203,0.53557885,0.6315569,0.5318903,0.5063751,0.4338477,0.61956155,0.63043165,0.7161871,0.7194928,0.6178043,0.6225021,0.65878844,0.6481713,0.6397587,0.53263867,0.42651033,0.736911,0.54886854,0.44840997,0.62767506,0.5309918,0.44820482,0.6199317,0.5324087,0.63223827,0.8033693,0.6363454,0.6343914,0.67075557,0.6222912,0.6523471
MIE GEMES LV 4,0.9710019,0.9887608,0.9908103,0.98589176,1.0,0.84087956,0.8417479,0.8387099,0.82232773,0.94248235,0.96376014,0.96775436,0.9643377,0.9759238,0.89214146,0.89125764,0.8638626,0.23994718,0.7587864,0.33829486,0.63531744,0.41632265,0.58572936,0.4264077,0.43505335,0.62797165,0.532614,0.635575,0.52100396,0.5002807,0.41137642,0.6069261,0.6042956,0.7029789,0.70753574,0.61603945,0.6099205,0.64656246,0.6366833,0.63472223,0.5355037,0.4304607,0.72239906,0.5275875,0.4448011,0.6192155,0.5234864,0.4237333,0.6019249,0.5235871,0.63327324,0.7930855,0.633954,0.6357194,0.6612105,0.6136037,0.6505923
MIE AYAM,0.8584715,0.8598811,0.85343486,0.84493434,0.84087956,0.99999994,0.98672926,0.98280406,0.97765076,0.88036,0.87935257,0.87797713,0.86962646,0.8743658,0.9219683,0.922416,0.91390115,0.2931658,0.85691893,0.479981,0.6421884,0.41722453,0.61990523,0.5601277,0.509113,0.7034912,0.49815208,0.66995645,0.5268174,0.56302357,0.5120891,0.6049788,0.656165,0.7376322,0.6682435,0.630124,0.63530195,0.60718644,0.6610327,0.6318596,0.4611289,0.47088462,0.7227567,0.5263792,0.5352321,0.6121886,0.58667874,0.41581324,0.61927044,0.5042343,0.623659,0.8052299,0.6330601,0.6123111,0.6911865,0.64501226,0.69235265
MIE AYAM PANGSIT,0.8520032,0.85909045,0.85442364,0.84486526,0.8417479,0.98672926,0.9999998,0.9885892,0.97676647,0.87661123,0.87825,0.87867606,0.8691428,0.8761278,0.92904437,0.9289181,0.91508603,0.2714591,0.87151074,0.48077744,0.66343844,0.4055205,0.62744236,0.56206346,0.5140663,0.7109639,0.4966176,0.6674508,0.5146639,0.56562537,0.502653,0.60720026,0.65382487,0.7430941,0.6696236,0.62868845,0.6422085,0.62432015,0.6757937,0.6818862,0.46661317,0.49088728,0.7356889,0.53434205,0.5507919,0.5994693,0.5937667,0.40870374,0.62062085,0.5207325,0.6199862,0.79952806,0.6579076,0.6153962,0.6990696,0.64902276,0.700987
MIE AYAM CEKER,0.8484055,0.8542299,0.8524381,0.84035,0.8387099,0.98280406,0.9885892,1.0000002,0.9796175,0.86893475,0.8652903,0.86870015,0.8573508,0.864611,0.9292872,0.93058443,0.9197345,0.30505133,0.86888325,0.46315446,0.66401523,0.42102373,0.6289518,0.5510001,0.48706573,0.68593407,0.48283702,0.66970575,0.5450343,0.5538555,0.47439975,0.6119503,0.65351355,0.73806846,0.6761015,0.6209247,0.6436051,0.63115203,0.666046,0.66389257,0.46351272,0.4855299,0.7272071,0.5314391,0.5603279,0.61449605,0.5934053,0.40561092,0.61656845,0.53029126,0.62382746,0.81543386,0.66334146,0.6346038,0.70724666,0.6583265,0.7009794
MIE AYAM BAKSO,0.83529794,0.8407018,0.8359099,0.82619596,0.82232773,0.97765076,0.97676647,0.9796175,1.0,0.8509516,0.8479241,0.84914255,0.8390776,0.844337,0.91748255,0.92075944,0.9370096,0.41416693,0.8495017,0.48892444,0.6638603,0.43209326,0.629285,0.5524814,0.47652388,0.68241864,0.48465562,0.63953465,0.54460204,0.5601254,0.4719718,0.6172919,0.6568397,0.73226774,0.6627803,0.6099087,0.6452233,0.6208393,0.652578,0.6479362,0.46737587,0.4707247,0.70739055,0.54158413,0.5589769,0.59986544,0.59805846,0.3977158,0.60072744,0.545089,0.6036532,0.79328454,0.6348409,0.60998285,0.67668813,0.65667325,0.6858047
MIE YAMIN (0),0.9749954,0.95079386,0.95030904,0.9537932,0.94248235,0.88036,0.87661123,0.86893475,0.8509516,0.9999999,0.9786587,0.9793541,0.98169315,0.9764318,0.87322724,0.8703723,0.8505641,0.24144197,0.81538224,0.40966082,0.6250006,0.40689716,0.5746889,0.46720695,0.5201695,0.67085254,0.5309966,0.65016913,0.52793586,0.52629066,0.47917086,0.59231263,0.63013077,0.7125794,0.70395315,0.60989356,0.6169225,0.6450571,0.64293814,0.632071,0.5098692,0.45998782,0.7224333,0.52687705,0.46312886,0.6245167,0.5376997,0.4209102,0.5952827,0.4960147,0.6119894,0.7851236,0.6316149,0.6391411,0.6521474,0.6141225,0.6563625
MIE YAMIN LV 1,0.9673767,0.97514963,0.9690964,0.9665277,0.96376014,0.87935257,0.87825,0.8652903,0.8479241,0.9786587,0.9999999,0.9952129,0.99376833,0.9933218,0.8781097,0.8762239,0.8484721,0.22927938,0.8058673,0.40367976,0.63781667,0.41685998,0.58912826,0.4623428,0.4970367,0.6614086,0.52154034,0.66774625,0.54082954,0.5320935,0.4670316,0.6046852,0.61377585,0.714182,0.72411823,0.6162414,0.6202939,0.6559618,0.65065414,0.6329279,0.5025832,0.44207996,0.73197174,0.52751946,0.45679948,0.63495076,0.51931655,0.42418706,0.5947623,0.49319044,0.6244719,0.80007005,0.62433887,0.62430465,0.6490666,0.617193,0.6580913
MIE YAMIN LV 2,0.9699832,0.9718738,0.9762659,0.96962416,0.96775436,0.87797713,0.87867606,0.86870015,0.84914255,0.9793541,0.9952129,0.99999976,0.9948119,0.9948777,0.88296235,0.88401914,0.8542061,0.235526,0.8120378,0.39047557,0.63539124,0.41524684,0.58108807,0.45004275,0.48395157,0.6542183,0.51744604,0.66989386,0.5312747,0.5245489,0.463553,0.60236686,0.6068675,0.7139051,0.7290593,0.6059013,0.6319462,0.658041,0.64948016,0.63389504,0.5001447,0.43901518,0.72890806,0.5312949,0.45324653,0.63898027,0.5233985,0.42568648,0.5987483,0.50791377,0.6292661,0.8076178,0.62439793,0.62739706,0.6500821,0.6258222,0.6605151
MIE YAMIN LV 3,0.972023,0.9707651,0.9708318,0.97623223,0.9643377,0.86962646,0.8691428,0.8573508,0.8390776,0.98169315,0.99376833,0.9948119,1.0000001,0.9923075,0.8735674,0.8712977,0.84438336,0.22638328,0.8014811,0.40472808,0.6324129,0.41503993,0.5863802,0.4584961,0.4947479,0.6543889,0.5264552,0.6622124,0.53855395,0.52747995,0.4673172,0.6054898,0.6138779,0.71180725,0.7275338,0.60794985,0.6293082,0.6610556,0.64023465,0.62401634,0.49812895,0.434402,0.7264065,0.5330018,0.44440514,0.6297699,0.517098,0.43607426,0.5999145,0.5053688,0.62526727,0.79881185,0.61870253,0.6246867,0.6469207,0.6154512,0.6487643
MIE YAMIN LV 4,0.97104037,0.9751355,0.97561383,0.9720967,0.9759238,0.8743658,0.8761278,0.864611,0.844337,0.9764318,0.9933218,0.9948777,0.9923075,1.0000004,0.880941,0.87971234,0.8498614,0.22105917,0.80585855,0.39537397,0.63703144,0.41377723,0.5853868,0.45770884,0.49283034,0.6534085,0.5240722,0.66910696,0.5303415,0.5248162,0.46326005,0.5996122,0.6091453,0.7119836,0.7215516,0.61350167,0.6256021,0.6511656,0.6428585,0.63990045,0.49989206,0.43999654,0.73025656,0.52678573,0.44519243,0.6265345,0.5295003,0.4258194,0.59668446,0.50785565,0.62414896,0.7986114,0.62971115,0.6285819,0.6535816,0.6181088,0.66416097
CWIE MIE,0.88899857,0.8957133,0.89536846,0.8849288,0.89214146,0.9219683,0.92904437,0.9292872,0.91748255,0.87322724,0.8781097,0.88296235,0.8735674,0.880941,1.0000001,0.9971839,0.9818003,0.32944727,0.8289246,0.4009884,0.6756196,0.46574268,0.6688954,0.5190724,0.42206746,0.6887875,0.5628538,0.6795884,0.5594714,0.5780014,0.46266788,0.6240115,0.6641667,0.7557217,0.730181,0.64191794,0.6847608,0.6818315,0.7367965,0.6579385,0.5256236,0.4809035,0.74391687,0.54654914,0.53322893,0.6678159,0.58338153,0.42922556,0.6368019,0.5478994,0.66152835,0.79933465,0.6413491,0.6382387,0.6979914,0.6613159,0.6764545
CWIE MIE PANGSIT,0.88791054,0.89463985,0.8980559,0.8832873,0.89125764,0.922416,0.9289181,0.93058443,0.92075944,0.8703723,0.8762239,0.88401914,0.8712977,0.87971234,0.9971839,0.99999976,0.98330665,0.34193182,0.8319467,0.39938974,0.68808085,0.46703833,0.6732219,0.5123577,0.41864905,0.6872058,0.5574423,0.6826041,0.55790067,0.5711564,0.46137285,0.62605333,0.6647475,0.75914747,0.7326602,0.6368295,0.6977446,0.67583823,0.7298573,0.65562034,0.52859944,0.47558963,0.7385716,0.5470493,0.53820693,0.6661198,0.5852525,0.42872423,0.6380653,0.5560088,0.66325915,0.8029418,0.6385756,0.6297513,0.69349957,0.66629463,0.6793545
CWIE MIE BAKSO,0.86419964,0.87003607,0.8695202,0.8601179,0.8638626,0.91390115,0.91508603,0.9197345,0.9370096,0.8505641,0.8484721,0.8542061,0.84438336,0.8498614,0.9818003,0.98330665,1.0000002,0.44955415,0.8283366,0.41676223,0.6852527,0.4817884,0.67146814,0.5098189,0.40853152,0.679132,0.54994684,0.66237557,0.5721773,0.57616544,0.45386583,0.63516486,0.6785457,0.7571384,0.72836286,0.6345943,0.6966263,0.67267394,0.71227586,0.6447016,0.52383286,0.46941328,0.71539056,0.5511145,0.5514682,0.6489713,0.5874419,0.4200034,0.6252204,0.5754545,0.64513946,0.777763,0.6290211,0.6253545,0.6766104,0.6687876,0.665621
BAKSO SAPI,0.25767797,0.2551883,0.25479186,0.24605392,0.23994718,0.2931658,0.2714591,0.30505133,0.41416693,0.24144197,0.22927938,0.235526,0.22638328,0.22105917,0.32944727,0.34193182,0.44955415,0.9999999,0.2786516,0.31496578,0.38313732,0.36526144,0.3591308,0.20486596,0.09634252,0.21564895,0.20984095,0.20821883,0.36678302,0.26412126,0.22961207,0.38888407,0.34498245,0.31711006,0.364816,0.28147942,0.38082242,0.37503713,0.30855238,0.20771497,0.27505606,0.21380657,0.21726052,0.33628315,0.39330333,0.34127203,0.31751776,0.22835875,0.2535416,0.39686626,0.2576471,0.33359364,0.18766794,0.31340092,0.21382803,0.36892968,0.26840642
MIE AYAM KOMPLIT,0.7660583,0.7805079,0.78125596,0.7700654,0.7587864,0.85691893,0.87151074,0.86888325,0.8495017,0.81538224,0.8058673,0.8120378,0.8014811,0.80585855,0.8289246,0.8319467,0.8283366,0.2786516,0.99999994,0.50085634,0.6783141,0.41018492,0.615826,0.5037325,0.54274344,0.7167196,0.47071323,0.71136093,0.48971298,0.5431576,0.49063766,0.58907163,0.6737379,0.7709844,0.725863,0.58062255,0.6701099,0.6116076,0.6183442,0.6139965,0.3676347,0.46692783,0.69335926,0.4473498,0.4827148,0.5165515,0.4699034,0.3714902,0.56179166,0.46504098,0.57843924,0.69326794,0.6638756,0.5377144,0.6633779,0.6086729,0.62747765
TEH HANGAT,0.3815235,0.37863302,0.35781866,0.3792999,0.33829486,0.479981,0.48077744,0.46315446,0.48892444,0.40966082,0.40367976,0.39047557,0.40472808,0.39537397,0.4009884,0.39938974,0.41676223,0.31496578,0.50085634,0.9999999,0.52084494,0.50323457,0.6505201,0.63085103,0.59310097,0.5696063,0.30650052,0.46710116,0.47974926,0.571451,0.5661926,0.44577006,0.5427439,0.4883234,0.44683906,0.5108043,0.52549505,0.47447115,0.41686213,0.4055629,0.20324656,0.25032622,0.42147,0.4375953,0.42917737,0.3868845,0.45739016,0.39156875,0.37981915,0.38251442,0.38587832,0.3780069,0.3009109,0.32254595,0.3860088,0.47950235,0.4674142
ES TEH,0.6117619,0.6470171,0.63987267,0.6369025,0.63531744,0.6421884,0.66343844,0.66401523,0.6638603,0.6250006,0.63781667,0.63539124,0.6324129,0.63703144,0.6756196,0.68808085,0.6852527,0.38313732,0.6783141,0.52084494,0.9999999,0.4544558,0.83404624,0.409594,0.40954003,0.62457705,0.43334273,0.5942342,0.5476221,0.5331351,0.38420367,0.6877521,0.6557723,0.7316071,0.63558114,0.5719727,0.6496748,0.6262561,0.5636739,0.58801055,0.46199378,0.4734292,0.6200069,0.5031945,0.58976555,0.5219861,0.46978575,0.37992334,0.5248874,0.5162039,0.57555175,0.6147121,0.55315995,0.5082207,0.5446317,0.54895806,0.6114092
JERUK HANGAT,0.42374325,0.4301924,0.4238448,0.42034686,0.41632265,0.41722453,0.4055205,0.42102373,0.43209326,0.40689716,0.41685998,0.41524684,0.41503993,0.41377723,0.46574268,0.46703833,0.4817884,0.36526144,0.41018492,0.50323457,0.4544558,0.9999998,0.67717063,0.4572665,0.44797742,0.4864093,0.5062321,0.5026016,0.5168185,0.61142445,0.47765338,0.5504919,0.59780324,0.52109504,0.5923563,0.54781723,0.57995486,0.551259,0.49315888,0.40180263,0.4052855,0.36704266,0.45017293,0.49060303,0.44997025,0.53074586,0.40184656,0.39920062,0.4853856,0.4714458,0.554441,0.47148532,0.4199425,0.4791262,0.44593006,0.5652324,0.48221725
ES JERUK,0.57834995,0.6082847,0.5937542,0.5988321,0.58572936,0.61990523,0.62744236,0.6289518,0.629285,0.5746889,0.58912826,0.58108807,0.5863802,0.5853868,0.6688954,0.6732219,0.67146814,0.3591308,0.615826,0.6505201,0.83404624,0.67717063,0.99999976,0.5423738,0.5225049,0.67958117,0.5013558,0.66021705,0.5756453,0.68503153,0.511189,0.69601464,0.74429786,0.71133435,0.685835,0.6675568,0.6784543,0.6517403,0.639449,0.55888796,0.45631266,0.47020936,0.6321727,0.5377535,0.56553805,0.6147249,0.47508192,0.4189724,0.5492033,0.52121556,0.6271142,0.60049,0.53609383,0.50145787,0.5499077,0.59657705,0.5986146
ES BERAS KENCUR,0.4673774,0.46029818,0.44068548,0.44788492,0.4264077,0.5601277,0.56206346,0.5510001,0.5524814,0.46720695,0.4623428,0.45004275,0.4584961,0.45770884,0.5190724,0.5123577,0.5098189,0.20486596,0.5037325,0.63085103,0.409594,0.4572665,0.5423738,1.0000002,0.50006306,0.57585514,0.3291664,0.52074957,0.44738573,0.5593125,0.604769,0.30715555,0.5135382,0.49751666,0.4497915,0.5156584,0.53094,0.43277088,0.44635552,0.49709648,0.25884464,0.33690053,0.5276216,0.47308487,0.3569373,0.43133754,0.5361606,0.48811316,0.5029968,0.39993334,0.40937185,0.42350137,0.37161303,0.40051958,0.45748258,0.5260727,0.48699683
CAPPUCINO CINCAU,0.48454744,0.47306412,0.45524442,0.46935457,0.43505335,0.509113,0.5140663,0.48706573,0.47652388,0.5201695,0.4970367,0.48395157,0.4947479,0.49283034,0.42206746,0.41864905,0.40853152,0.09634252,0.54274344,0.59310097,0.40954003,0.44797742,0.5225049,0.50006306,1.0000001,0.61628574,0.40666094,0.48757917,0.29219252,0.5534481,0.6980725,0.45707184,0.6126942,0.53125894,0.45149034,0.5615551,0.44992915,0.4022699,0.44747263,0.48014504,0.36215657,0.46199828,0.47809133,0.36398286,0.36113697,0.36640388,0.34259617,0.33869094,0.46072748,0.31936637,0.4595092,0.46887493,0.570336,0.40934908,0.5045501,0.41395387,0.48489022
THAI TEA,0.6359167,0.6539231,0.6415488,0.63984203,0.62797165,0.7034912,0.7109639,0.68593407,0.68241864,0.67085254,0.6614086,0.6542183,0.6543889,0.6534085,0.6887875,0.6872058,0.679132,0.21564895,0.7167196,0.5696063,0.62457705,0.4864093,0.67958117,0.57585514,0.61628574,0.9999999,0.6478264,0.61341405,0.37430772,0.6907827,0.6113388,0.6302571,0.7757071,0.79320574,0.6251594,0.69173384,0.5799459,0.55831134,0.63227594,0.6269612,0.5039029,0.5356501,0.6801803,0.46979645,0.4824583,0.530653,0.5140578,0.44987828,0.619472,0.40620852,0.6012429,0.63983476,0.6585671,0.557225,0.66741645,0.50539434,0.6276793
GREEN THAI TEA,0.52905595,0.5336195,0.52557075,0.53557885,0.532614,0.49815208,0.4966176,0.48283702,0.48465562,0.5309966,0.52154034,0.51744604,0.5264552,0.5240722,0.5628538,0.5574423,0.54994684,0.20984095,0.47071323,0.30650052,0.43334273,0.5062321,0.5013558,0.3291664,0.40666094,0.6478264,1.0,0.48112208,0.34809053,0.5748747,0.448138,0.5538907,0.6124375,0.62089014,0.5698118,0.5260778,0.5317675,0.5209085,0.55550283,0.51312375,0.47075713,0.39056385,0.571752,0.5043456,0.356265,0.51723903,0.5017053,0.46705085,0.56891555,0.45099235,0.4854628,0.49963737,0.54785454,0.611058,0.57087815,0.5049234,0.51692915
ES KOPI MILO,0.6300349,0.6474181,0.64526623,0.6315569,0.635575,0.66995645,0.6674508,0.66970575,0.63953465,0.65016913,0.66774625,0.66989386,0.6622124,0.66910696,0.6795884,0.6826041,0.66237557,0.20821883,0.71136093,0.46710116,0.5942342,0.5026016,0.66021705,0.52074957,0.48757917,0.61341405,0.48112208,1.0,0.5794574,0.7626083,0.60633945,0.5922437,0.6226721,0.70745885,0.7709174,0.61631787,0.73284435,0.6815443,0.6105291,0.5304333,0.34846753,0.3206609,0.57067746,0.58534175,0.43653333,0.62378854,0.5063521,0.51683164,0.6119455,0.53417087,0.58012223,0.56592906,0.532315,0.57414484,0.5766299,0.61499536,0.6140835
AIR MINERAL,0.53649324,0.5414245,0.5252141,0.5318903,0.52100396,0.5268174,0.5146639,0.5450343,0.54460204,0.52793586,0.54082954,0.5312747,0.53855395,0.5303415,0.5594714,0.55790067,0.5721773,0.36678302,0.48971298,0.47974926,0.5476221,0.5168185,0.5756453,0.44738573,0.29219252,0.37430772,0.34809053,0.5794574,1.0000001,0.4352985,0.33065826,0.50540483,0.47083473,0.45590258,0.634379,0.4221344,0.6056545,0.6098649,0.45999533,0.4677625,0.3453735,0.23618093,0.47223598,0.5769046,0.4912387,0.54827154,0.5078756,0.48839572,0.48793197,0.5124749,0.42832196,0.532073,0.41614524,0.4876548,0.5257845,0.5982778,0.5067774
ES MILO,0.5010194,0.517945,0.50463736,0.5063751,0.5002807,0.56302357,0.56562537,0.5538555,0.5601254,0.52629066,0.5320935,0.5245489,0.52747995,0.5248162,0.5780014,0.5711564,0.57616544,0.26412126,0.5431576,0.571451,0.5331351,0.61142445,0.68503153,0.5593125,0.5534481,0.6907827,0.5748747,0.7626083,0.4352985,0.9999997,0.68994737,0.6133803,0.68542707,0.74111176,0.62902796,0.6771567,0.63229966,0.6071167,0.56486833,0.48239845,0.41120946,0.38446563,0.4862213,0.545065,0.43421662,0.56010956,0.48765093,0.4694601,0.5135933,0.49147838,0.55398107,0.49454835,0.492952,0.6051205,0.5411366,0.5464886,0.5607437
GOODDAY CAPPUCINO,0.45045128,0.43821764,0.43067384,0.4338477,0.41137642,0.5120891,0.502653,0.47439975,0.4719718,0.47917086,0.4670316,0.463553,0.4673172,0.46326005,0.46266788,0.46137285,0.45386583,0.22961207,0.49063766,0.5661926,0.38420367,0.47765338,0.511189,0.604769,0.6980725,0.6113388,0.448138,0.60633945,0.33065826,0.68994737,1.0,0.43186113,0.58503234,0.64477414,0.5463655,0.6581741,0.6294135,0.4025387,0.41504872,0.36600173,0.36415094,0.36128664,0.4132632,0.41652027,0.36015436,0.43241987,0.40751368,0.44193882,0.43917507,0.4015156,0.5138693,0.45674875,0.37932825,0.47288746,0.4261598,0.5169478,0.46308464
HOT LEMON TEA,0.5870132,0.6226045,0.6173307,0.61956155,0.6069261,0.6049788,0.60720026,0.6119503,0.6172919,0.59231263,0.6046852,0.60236686,0.6054898,0.5996122,0.6240115,0.62605333,0.63516486,0.38888407,0.58907163,0.44577006,0.6877521,0.5504919,0.69601464,0.30715555,0.45707184,0.6302571,0.5538907,0.5922437,0.50540483,0.6133803,0.43186113,0.99999976,0.82243854,0.7093034,0.64098513,0.6385484,0.56095487,0.5742619,0.58293223,0.5745275,0.5207432,0.49431384,0.57967615,0.4944833,0.5007467,0.512166,0.43707955,0.4429046,0.5653335,0.50114954,0.62506366,0.67954624,0.6175287,0.64802986,0.6398157,0.5282056,0.6060157
ES LEMON TEA,0.6164714,0.635695,0.6215365,0.63043165,0.6042956,0.656165,0.65382487,0.65351355,0.6568397,0.63013077,0.61377585,0.6068675,0.6138779,0.6091453,0.6641667,0.6647475,0.6785457,0.34498245,0.6737379,0.5427439,0.6557723,0.59780324,0.74429786,0.5135382,0.6126942,0.7757071,0.6124375,0.6226721,0.47083473,0.68542707,0.58503234,0.82243854,1.0000001,0.7710341,0.6509671,0.7330135,0.59681046,0.5281215,0.5785675,0.61269206,0.56082475,0.56618845,0.69869125,0.55750227,0.54083383,0.55884147,0.5155326,0.48629296,0.6125618,0.513514,0.6078789,0.6896077,0.66769695,0.62720686,0.71945274,0.5842957,0.6475265
ES KOPI SUSU,0.6940403,0.7224766,0.7155689,0.7161871,0.7029789,0.7376322,0.7430941,0.73806846,0.73226774,0.7125794,0.714182,0.7139051,0.71180725,0.7119836,0.7557217,0.75914747,0.7571384,0.31711006,0.7709844,0.4883234,0.7316071,0.52109504,0.71133435,0.49751666,0.53125894,0.79320574,0.62089014,0.70745885,0.45590258,0.74111176,0.64477414,0.7093034,0.7710341,0.9999997,0.77622986,0.7454829,0.76923007,0.6296184,0.6384543,0.6169312,0.5345038,0.5096582,0.67938894,0.56013125,0.5780977,0.5855551,0.5562211,0.48109454,0.6297922,0.6014025,0.64926255,0.6851039,0.63211536,0.66536605,0.6511329,0.6538619,0.6768491
ES KOPI SUSU VANILLA,0.6974124,0.72219175,0.7238315,0.7194928,0.70753574,0.6682435,0.6696236,0.6761015,0.6627803,0.70395315,0.72411823,0.7290593,0.7275338,0.7215516,0.730181,0.7326602,0.72836286,0.364816,0.725863,0.44683906,0.63558114,0.5923563,0.685835,0.4497915,0.45149034,0.6251594,0.5698118,0.7709174,0.634379,0.62902796,0.5463655,0.64098513,0.6509671,0.77622986,1.0,0.6569569,0.7543831,0.7510707,0.6468456,0.57703614,0.43916202,0.39532083,0.6526588,0.58849055,0.512362,0.66586304,0.52012414,0.513393,0.6350293,0.5716069,0.6134753,0.6666746,0.58093464,0.63602567,0.61543024,0.6645657,0.6034385
ES KOPI SUSU RUM REGAL,0.61277694,0.6356719,0.61735797,0.6178043,0.61603945,0.630124,0.62868845,0.6209247,0.6099087,0.60989356,0.6162414,0.6059013,0.60794985,0.61350167,0.64191794,0.6368295,0.6345943,0.28147942,0.58062255,0.5108043,0.5719727,0.54781723,0.6675568,0.5156584,0.5615551,0.69173384,0.5260778,0.61631787,0.4221344,0.6771567,0.6581741,0.6385484,0.7330135,0.7454829,0.6569569,0.99999994,0.58224624,0.5281715,0.5409828,0.5049442,0.6416689,0.4788741,0.6182524,0.4649914,0.61099005,0.5748352,0.4246345,0.41866335,0.5562464,0.4293447,0.67046815,0.58830464,0.54290485,0.6162331,0.61301565,0.6026262,0.6085191
KOPI HITAM,0.62357795,0.61762166,0.6239945,0.6225021,0.6099205,0.63530195,0.6422085,0.6436051,0.6452233,0.6169225,0.6202939,0.6319462,0.6293082,0.6256021,0.6847608,0.6977446,0.6966263,0.38082242,0.6701099,0.52549505,0.6496748,0.57995486,0.6784543,0.53094,0.44992915,0.5799459,0.5317675,0.73284435,0.6056545,0.63229966,0.6294135,0.56095487,0.59681046,0.76923007,0.7543831,0.58224624,0.9999999,0.6717957,0.57407624,0.4973239,0.39426264,0.3632179,0.54296905,0.59351015,0.507563,0.5598222,0.5450363,0.54140556,0.5980081,0.7083673,0.5650985,0.5999108,0.5090743,0.5567707,0.4953675,0.74017036,0.60232663
PANGSIT GORENG,0.6458502,0.6583644,0.655634,0.65878844,0.64656246,0.60718644,0.62432015,0.63115203,0.6208393,0.6450571,0.6559618,0.658041,0.6610556,0.6511656,0.6818315,0.67583823,0.67267394,0.37503713,0.6116076,0.47447115,0.6262561,0.551259,0.6517403,0.43277088,0.4022699,0.55831134,0.5209085,0.6815443,0.6098649,0.6071167,0.4025387,0.5742619,0.5281215,0.6296184,0.7510707,0.5281715,0.6717957,1.0000001,0.7646009,0.59106314,0.36567187,0.35605687,0.6452124,0.69456595,0.54130846,0.72556204,0.58124423,0.6250466,0.7156767,0.5691428,0.5093366,0.6204396,0.52625555,0.6488357,0.5845912,0.6557117,0.6725706
PANGSIT REBUS,0.6543453,0.6664202,0.6614046,0.6481713,0.6366833,0.6610327,0.6757937,0.666046,0.652578,0.64293814,0.65065414,0.64948016,0.64023465,0.6428585,0.7367965,0.7298573,0.71227586,0.30855238,0.6183442,0.41686213,0.5636739,0.49315888,0.639449,0.44635552,0.44747263,0.63227594,0.55550283,0.6105291,0.45999533,0.56486833,0.41504872,0.58293223,0.5785675,0.6384543,0.6468456,0.5409828,0.57407624,0.7646009,1.0000002,0.7113523,0.48673683,0.43955016,0.74069226,0.6383144,0.46009505,0.77657044,0.5773954,0.5032325,0.7042507,0.47826982,0.55374634,0.6597196,0.56001616,0.58048975,0.6275832,0.60538125,0.697865
DIMSUM BOLA RAMBUTAN,0.6259979,0.65155625,0.6478721,0.6397587,0.63472223,0.6318596,0.6818862,0.66389257,0.6479362,0.632071,0.6329279,0.63389504,0.62401634,0.63990045,0.6579385,0.65562034,0.6447016,0.20771497,0.6139965,0.4055629,0.58801055,0.40180263,0.55888796,0.49709648,0.48014504,0.6269612,0.51312375,0.5304333,0.4677625,0.48239845,0.36600173,0.5745275,0.61269206,0.6169312,0.57703614,0.5049442,0.4973239,0.59106314,0.7113523,1.0000002,0.46820492,0.47746116,0.7319937,0.7273909,0.5078255,0.59177876,0.77311873,0.5619,0.71525496,0.62088567,0.48165977,0.6388536,0.68270177,0.5728804,0.73971653,0.64390767,0.7576462
DIMSUM SIOMAY BEEF,0.5417119,0.54478633,0.5391931,0.53263867,0.5355037,0.4611289,0.46661317,0.46351272,0.46737587,0.5098692,0.5025832,0.5001447,0.49812895,0.49989206,0.5256236,0.52859944,0.52383286,0.27505606,0.3676347,0.20324656,0.46199378,0.4052855,0.45631266,0.25884464,0.36215657,0.5039029,0.47075713,0.34846753,0.3453735,0.41120946,0.36415094,0.5207432,0.56082475,0.5345038,0.43916202,0.6416689,0.39426264,0.36567187,0.48673683,0.46820492,1.0,0.48790106,0.56085086,0.43904927,0.45625228,0.52367914,0.33863503,0.2926987,0.46563882,0.4129625,0.65812707,0.55584794,0.5608643,0.5015992,0.5548445,0.44290698,0.49015966
DIMSUM SIOMAY SALMON,0.43731022,0.4422269,0.43613672,0.42651033,0.4304607,0.47088462,0.49088728,0.4855299,0.4707247,0.45998782,0.44207996,0.43901518,0.434402,0.43999654,0.4809035,0.47558963,0.46941328,0.21380657,0.46692783,0.25032622,0.4734292,0.36704266,0.47020936,0.33690053,0.46199828,0.5356501,0.39056385,0.3206609,0.23618093,0.38446563,0.36128664,0.49431384,0.56618845,0.5096582,0.39532083,0.4788741,0.3632179,0.35605687,0.43955016,0.47746116,0.48790106,1.0000005,0.550303,0.31280267,0.46327746,0.4179883,0.3545185,0.24373075,0.42433822,0.30547556,0.5857773,0.5885722,0.6669018,0.52726316,0.5772811,0.36159122,0.4223742
DIMSUM SIOMAY AYAM,0.7244072,0.74836606,0.74171805,0.736911,0.72239906,0.7227567,0.7356889,0.7272071,0.70739055,0.7224333,0.73197174,0.72890806,0.7264065,0.73025656,0.74391687,0.7385716,0.71539056,0.21726052,0.69335926,0.42147,0.6200069,0.45017293,0.6321727,0.5276216,0.47809133,0.6801803,0.571752,0.57067746,0.47223598,0.4862213,0.4132632,0.57967615,0.69869125,0.67938894,0.6526588,0.6182524,0.54296905,0.6452124,0.74069226,0.7319937,0.56085086,0.550303,1.0,0.6730751,0.532658,0.724155,0.62691176,0.5138734,0.6587323,0.52061844,0.61022246,0.7591727,0.6812099,0.60770833,0.75337327,0.7075107,0.7977629
DIMSUM KEICHAK,0.542673,0.54707766,0.54423654,0.54886854,0.5275875,0.5263792,0.53434205,0.5314391,0.54158413,0.52687705,0.52751946,0.5312949,0.5330018,0.52678573,0.54654914,0.5470493,0.5511145,0.33628315,0.4473498,0.4375953,0.5031945,0.49060303,0.5377535,0.47308487,0.36398286,0.46979645,0.5043456,0.58534175,0.5769046,0.545065,0.41652027,0.4944833,0.55750227,0.56013125,0.58849055,0.4649914,0.59351015,0.69456595,0.6383144,0.7273909,0.43904927,0.31280267,0.6730751,1.0,0.5677302,0.69439936,0.80239505,0.71360207,0.7010005,0.7924551,0.3966011,0.5724883,0.50200176,0.5675391,0.5982665,0.7641392,0.7422991
DIMSUM SUSHI,0.4677108,0.46771142,0.45506045,0.44840997,0.4448011,0.5352321,0.5507919,0.5603279,0.5589769,0.46312886,0.45679948,0.45324653,0.44440514,0.44519243,0.53322893,0.53820693,0.5514682,0.39330333,0.4827148,0.42917737,0.58976555,0.44997025,0.56553805,0.3569373,0.36113697,0.4824583,0.356265,0.43653333,0.4912387,0.43421662,0.36015436,0.5007467,0.54083383,0.5780977,0.512362,0.61099005,0.507563,0.54130846,0.46009505,0.5078255,0.45625228,0.46327746,0.532658,0.5677302,1.0000001,0.5088669,0.53080434,0.3663743,0.51060236,0.55177736,0.48406377,0.5402412,0.45112336,0.5246324,0.4575246,0.65279007,0.5938854
DIMSUM TIM TAHU,0.6428298,0.6438788,0.64440906,0.62767506,0.6192155,0.6121886,0.5994693,0.61449605,0.59986544,0.6245167,0.63495076,0.63898027,0.6297699,0.6265345,0.6678159,0.6661198,0.6489713,0.34127203,0.5165515,0.3868845,0.5219861,0.53074586,0.6147249,0.43133754,0.36640388,0.530653,0.51723903,0.62378854,0.54827154,0.56010956,0.43241987,0.512166,0.55884147,0.5855551,0.66586304,0.5748352,0.5598222,0.72556204,0.77657044,0.59177876,0.52367914,0.4179883,0.724155,0.69439936,0.5088669,1.0,0.64466536,0.5119099,0.63883454,0.52837765,0.53541267,0.6731288,0.47352856,0.57456017,0.5711068,0.7230724,0.6939367
DIMSUM MONEY BAG,0.55422807,0.5381727,0.5347049,0.5309918,0.5234864,0.58667874,0.5937667,0.5934053,0.59805846,0.5376997,0.51931655,0.5233985,0.517098,0.5295003,0.58338153,0.5852525,0.5874419,0.31751776,0.4699034,0.45739016,0.46978575,0.40184656,0.47508192,0.5361606,0.34259617,0.5140578,0.5017053,0.5063521,0.5078756,0.48765093,0.40751368,0.43707955,0.5155326,0.5562211,0.52012414,0.4246345,0.5450363,0.58124423,0.5773954,0.77311873,0.33863503,0.3545185,0.62691176,0.80239505,0.53080434,0.64466536,1.0,0.68775916,0.7001488,0.68951964,0.37574548,0.580533,0.4822232,0.5681617,0.63658094,0.721054,0.7541878
DIMSUM SPRING ROLL,0.4311767,0.44112754,0.4374267,0.44820482,0.4237333,0.41581324,0.40870374,0.40561092,0.3977158,0.4209102,0.42418706,0.42568648,0.43607426,0.4258194,0.42922556,0.42872423,0.4200034,0.22835875,0.3714902,0.39156875,0.37992334,0.39920062,0.4189724,0.48811316,0.33869094,0.44987828,0.46705085,0.51683164,0.48839572,0.4694601,0.44193882,0.4429046,0.48629296,0.48109454,0.513393,0.41866335,0.54140556,0.6250466,0.5032325,0.5619,0.2926987,0.24373075,0.5138734,0.71360207,0.3663743,0.5119099,0.68775916,1.0,0.8251803,0.5355241,0.4101593,0.47078335,0.3938092,0.5015358,0.5845748,0.60176027,0.6056929
DIMSUM LUMPIA NORI,0.60728693,0.6224228,0.62201655,0.6199317,0.6019249,0.61927044,0.62062085,0.61656845,0.60072744,0.5952827,0.5947623,0.5987483,0.5999145,0.59668446,0.6368019,0.6380653,0.6252204,0.2535416,0.56179166,0.37981915,0.5248874,0.4853856,0.5492033,0.5029968,0.46072748,0.619472,0.56891555,0.6119455,0.48793197,0.5135933,0.43917507,0.5653335,0.6125618,0.6297922,0.6350293,0.5562464,0.5980081,0.7156767,0.7042507,0.71525496,0.46563882,0.42433822,0.6587323,0.7010005,0.51060236,0.63883454,0.7001488,0.8251803,1.0,0.5580665,0.558033,0.62788534,0.59629446,0.59944755,0.7164201,0.6203934,0.7155752
DIMSUM BOLA KEJU,0.5132074,0.5203272,0.5275501,0.5324087,0.5235871,0.5042343,0.5207325,0.53029126,0.545089,0.4960147,0.49319044,0.50791377,0.5053688,0.50785565,0.5478994,0.5560088,0.5754545,0.39686626,0.46504098,0.38251442,0.5162039,0.4714458,0.52121556,0.39993334,0.31936637,0.40620852,0.45099235,0.53417087,0.5124749,0.49147838,0.4015156,0.50114954,0.513514,0.6014025,0.5716069,0.4293447,0.7083673,0.5691428,0.47826982,0.62088567,0.4129625,0.30547556,0.52061844,0.7924551,0.55177736,0.52837765,0.68951964,0.5355241,0.5580665,0.99999994,0.3947609,0.53086054,0.53621674,0.5346216,0.48742193,0.7458583,0.59083426
DIMSUM SIOMAY CRAB,0.6330335,0.6393245,0.64275396,0.63223827,0.63327324,0.623659,0.6199862,0.62382746,0.6036532,0.6119894,0.6244719,0.6292661,0.62526727,0.62414896,0.66152835,0.66325915,0.64513946,0.2576471,0.57843924,0.38587832,0.57555175,0.554441,0.6271142,0.40937185,0.4595092,0.6012429,0.4854628,0.58012223,0.42832196,0.55398107,0.5138693,0.62506366,0.6078789,0.64926255,0.6134753,0.67046815,0.5650985,0.5093366,0.55374634,0.48165977,0.65812707,0.5857773,0.61022246,0.3966011,0.48406377,0.53541267,0.37574548,0.4101593,0.558033,0.3947609,1.0000001,0.6794869,0.6493515,0.6136971,0.6544657,0.54741126,0.5700282
DIMSUM SIOMAY KEJU,0.803213,0.8105287,0.81651974,0.8033693,0.7930855,0.8052299,0.79952806,0.81543386,0.79328454,0.7851236,0.80007005,0.8076178,0.79881185,0.7986114,0.79933465,0.8029418,0.777763,0.33359364,0.69326794,0.3780069,0.6147121,0.47148532,0.60049,0.42350137,0.46887493,0.63983476,0.49963737,0.56592906,0.532073,0.49454835,0.45674875,0.67954624,0.6896077,0.6851039,0.6666746,0.58830464,0.5999108,0.6204396,0.6597196,0.6388536,0.55584794,0.5885722,0.7591727,0.5724883,0.5402412,0.6731288,0.580533,0.47078335,0.62788534,0.53086054,0.6794869,1.0000002,0.7423889,0.6703117,0.7595322,0.6461295,0.7174871
DIMSUM SIOMAY MOZARELLA,0.62043154,0.6471361,0.6426315,0.6363454,0.633954,0.6330601,0.6579076,0.66334146,0.6348409,0.6316149,0.62433887,0.62439793,0.61870253,0.62971115,0.6413491,0.6385756,0.6290211,0.18766794,0.6638756,0.3009109,0.55315995,0.4199425,0.53609383,0.37161303,0.570336,0.6585671,0.54785454,0.532315,0.41614524,0.492952,0.37932825,0.6175287,0.66769695,0.63211536,0.58093464,0.54290485,0.5090743,0.52625555,0.56001616,0.68270177,0.5608643,0.6669018,0.6812099,0.50200176,0.45112336,0.47352856,0.4822232,0.3938092,0.59629446,0.53621674,0.6493515,0.7423889,0.99999976,0.66954756,0.8062397,0.5103111,0.5918641
DIMSUM SIOMAY RANJAU,0.64120036,0.6402683,0.6373019,0.6343914,0.6357194,0.6123111,0.6153962,0.6346038,0.60998285,0.6391411,0.62430465,0.62739706,0.6246867,0.6285819,0.6382387,0.6297513,0.6253545,0.31340092,0.5377144,0.32254595,0.5082207,0.4791262,0.50145787,0.40051958,0.40934908,0.557225,0.611058,0.57414484,0.4876548,0.6051205,0.47288746,0.64802986,0.62720686,0.66536605,0.63602567,0.6162331,0.5567707,0.6488357,0.58048975,0.5728804,0.5015992,0.52726316,0.60770833,0.5675391,0.5246324,0.57456017,0.5681617,0.5015358,0.59944755,0.5346216,0.6136971,0.6703117,0.66954756,0.9999999,0.7128089,0.5919611,0.5888823
DIMSUM SIOMAY JAMUR,0.6523781,0.68050796,0.6757467,0.67075557,0.6612105,0.6911865,0.6990696,0.70724666,0.67668813,0.6521474,0.6490666,0.6500821,0.6469207,0.6535816,0.6979914,0.69349957,0.6766104,0.21382803,0.6633779,0.3860088,0.5446317,0.44593006,0.5499077,0.45748258,0.5045501,0.66741645,0.57087815,0.5766299,0.5257845,0.5411366,0.4261598,0.6398157,0.71945274,0.6511329,0.61543024,0.61301565,0.4953675,0.5845912,0.6275832,0.73971653,0.5548445,0.5772811,0.75337327,0.5982665,0.4575246,0.5711068,0.63658094,0.5845748,0.7164201,0.48742193,0.6544657,0.7595322,0.8062397,0.7128089,0.9999999,0.5848849,0.699094
DIMSUM XIAO LONG BAO,0.6327905,0.63174933,0.63356566,0.6222912,0.6136037,0.64501226,0.64902276,0.6583265,0.65667325,0.6141225,0.617193,0.6258222,0.6154512,0.6181088,0.6613159,0.66629463,0.6687876,0.36892968,0.6086729,0.47950235,0.54895806,0.5652324,0.59657705,0.5260727,0.41395387,0.50539434,0.5049234,0.61499536,0.5982778,0.5464886,0.5169478,0.5282056,0.5842957,0.6538619,0.6645657,0.6026262,0.74017036,0.6557117,0.60538125,0.64390767,0.44290698,0.36159122,0.7075107,0.7641392,0.65279007,0.7230724,0.721054,0.60176027,0.6203934,0.7458583,0.54741126,0.6461295,0.5103111,0.5919611,0.5848849,1.0,0.7710639
DIMSUM EKADO,0.658716,0.6658726,0.66463715,0.6523471,0.6505923,0.69235265,0.700987,0.7009794,0.6858047,0.6563625,0.6580913,0.6605151,0.6487643,0.66416097,0.6764545,0.6793545,0.665621,0.26840642,0.62747765,0.4674142,0.6114092,0.48221725,0.5986146,0.48699683,0.48489022,0.6276793,0.51692915,0.6140835,0.5067774,0.5607437,0.46308464,0.6060157,0.6475265,0.6768491,0.6034385,0.6085191,0.60232663,0.6725706,0.697865,0.7576462,0.49015966,0.4223742,0.7977629,0.7422991,0.5938854,0.6939367,0.7541878,0.6056929,0.7155752,0.59083426,0.5700282,0.7174871,0.5918641,0.5888823,0.699094,0.7710639,1.0000002
